./dataset/pretime/1992-01 3988 3848 15 886 2924
./dataset/pretime/1992-02 3988 3848 15 886 2924
./dataset/pretime/1992-03 3990 3850 15 887 2925
./dataset/pretime/1992-04 4013 3873 15 894 2940
./dataset/pretime/1992-05 4044 3904 15 905 2959
./dataset/pretime/1992-06 4086 3946 15 917 2987
./dataset/pretime/1992-07 4134 3994 15 938 3013
./dataset/pretime/1992-08 4201 4061 15 962 3047
./dataset/pretime/1992-09 4251 4111 15 973 3084
./dataset/pretime/1992-10 4328 4188 15 977 3155
./dataset/pretime/1992-11 4385 4245 15 996 3191
./dataset/pretime/1992-12 4486 4346 15 1036 3252
./dataset/pretime/1993-01 4570 4430 15 1057 3315
./dataset/pretime/1993-02 4656 4516 15 1092 3358
./dataset/pretime/1993-03 4765 4625 15 1091 3465
./dataset/pretime/1993-04 4869 4729 15 1095 3557
./dataset/pretime/1993-05 4975 4835 15 1111 3641
./dataset/pretime/1993-06 5114 4974 15 1129 3760
./dataset/pretime/1993-07 5227 5085 15 1137 3867
./dataset/pretime/1993-08 5361 5219 15 1144 3988
./dataset/pretime/1993-09 5529 5386 15 1140 4162
./dataset/pretime/1993-10 5653 5510 15 1138 4284
./dataset/pretime/1993-11 5811 5668 15 1126 4467
./dataset/pretime/1993-12 5973 5830 15 1105 4657
./dataset/pretime/1994-01 6105 5962 15 1097 4798
./dataset/pretime/1994-02 6254 6111 15 1096 4943
./dataset/pretime/1994-03 6406 6262 15 1083 5108
./dataset/pretime/1994-04 6601 6457 15 1064 5330
./dataset/pretime/1994-05 6749 6605 15 1071 5469
./dataset/pretime/1994-06 6982 6837 15 1033 5753
./dataset/pretime/1994-07 7201 7056 15 1021 5990
./dataset/pretime/1994-08 7394 7249 15 1011 6196
./dataset/pretime/1994-09 7583 7438 15 992 6404
./dataset/pretime/1994-10 7810 7664 15 981 6648
./dataset/pretime/1994-11 8008 7860 15 966 6885
./dataset/pretime/1994-12 8240 8092 15 961 7118
./dataset/pretime/1995-01 8411 8263 15 954 7297
./dataset/pretime/1995-02 8629 8481 15 934 7539
./dataset/pretime/1995-03 8830 8682 15 934 7731
./dataset/pretime/1995-04 9100 8952 15 909 8039
./dataset/pretime/1995-05 9334 9185 15 893 8279
./dataset/pretime/1995-06 9581 9430 15 872 8542
./dataset/pretime/1995-07 9829 9677 15 863 8811
./dataset/pretime/1995-08 10104 9952 15 847 9107
./dataset/pretime/1995-09 10305 10153 15 823 9334
./dataset/pretime/1995-10 10515 10363 15 802 9572
./dataset/pretime/1995-11 10770 10618 15 786 9835
./dataset/pretime/1995-12 11036 10884 15 772 10111
./dataset/pretime/1996-01 11264 11111 15 747 10365
./dataset/pretime/1996-02 11463 11309 15 737 10585
./dataset/pretime/1996-03 11694 11540 15 713 10833
./dataset/pretime/1996-04 11937 11782 15 699 11083
./dataset/pretime/1996-05 12169 12013 15 679 11342
./dataset/pretime/1996-06 12424 12267 15 663 11622
./dataset/pretime/1996-07 12721 12563 15 646 11947
./dataset/pretime/1996-08 12994 12834 15 640 12226
./dataset/pretime/1996-09 13289 13129 15 623 12541
./dataset/pretime/1996-10 13595 13435 15 600 12878
./dataset/pretime/1996-11 13935 13774 15 583 13239
./dataset/pretime/1996-12 14204 14042 15 577 13514
./dataset/pretime/1997-01 14469 14307 15 571 13786
./dataset/pretime/1997-02 14701 14536 15 565 14019
./dataset/pretime/1997-03 14929 14764 15 550 14264
./dataset/pretime/1997-04 15187 15019 15 535 14536
./dataset/pretime/1997-05 15437 15269 15 528 14790
./dataset/pretime/1997-06 15707 15535 15 523 15062
./dataset/pretime/1997-07 16062 15887 15 508 15439
./dataset/pretime/1997-08 16406 16222 15 500 15795
./dataset/pretime/1997-09 16692 16506 15 488 16091
./dataset/pretime/1997-10 17002 16815 15 479 16407
./dataset/pretime/1997-11 17344 17157 15 463 16771
./dataset/pretime/1997-12 17679 17467 26 452 17122
./dataset/pretime/1998-01 18005 17792 26 431 17471
./dataset/pretime/1998-02 18250 18037 26 426 17719
./dataset/pretime/1998-03 18499 18275 26 424 17968
./dataset/pretime/1998-04 18793 18566 26 405 18280
./dataset/pretime/1998-05 19055 18827 26 400 18551
./dataset/pretime/1998-06 19374 19137 26 395 18874
./dataset/pretime/1998-07 19706 19464 26 389 19209
./dataset/pretime/1998-08 20058 19812 26 375 19573
./dataset/pretime/1998-09 20376 20128 26 365 19904
./dataset/pretime/1998-10 20758 20504 26 364 20285
./dataset/pretime/1998-11 21091 20465 390 364 20618
./dataset/pretime/1998-12 21407 20773 390 353 20947
./dataset/pretime/1999-01 21727 21088 390 337 21284
./dataset/pretime/1999-02 21991 20557 1154 331 21554
./dataset/pretime/1999-03 22276 20839 1154 321 21855
./dataset/pretime/1999-04 22614 21158 1154 309 22209
./dataset/pretime/1999-05 22905 21431 1154 305 22508
./dataset/pretime/1999-06 23287 21787 1154 294 22900
./dataset/pretime/1999-07 23642 22098 1163 291 23259
./dataset/pretime/1999-08 23998 22314 1163 278 23631
./dataset/pretime/1999-09 24339 22606 1163 273 23980
./dataset/pretime/1999-10 24698 22942 1163 263 24348
./dataset/pretime/1999-11 25043 23231 1163 252 24704
./dataset/pretime/1999-12 25393 23565 1163 242 25064
./dataset/pretime/2000-01 25730 23841 1163 242 25399
./dataset/pretime/2000-02 26068 24147 1163 235 25744
./dataset/pretime/2000-03 26361 24330 1163 225 26047
./dataset/pretime/2000-04 26679 24593 1163 219 26370
./dataset/pretime/2000-05 26947 24783 1163 213 26644
./dataset/pretime/2000-06 27275 23763 2511 207 26977
./dataset/pretime/2000-07 27608 24066 2511 198 27321
./dataset/pretime/2000-08 27974 24404 2511 184 27708
./dataset/pretime/2000-09 28304 24564 2511 180 28040
./dataset/pretime/2000-10 28645 24724 2512 177 28392
./dataset/pretime/2000-11 29002 25017 2513 169 28756
./dataset/pretime/2000-12 29392 25379 2513 163 29153
./dataset/pretime/2001-01 29764 25679 2513 160 29527
./dataset/pretime/2001-02 30106 22070 7700 157 29874
./dataset/pretime/2001-03 30461 22390 7709 144 30241
./dataset/pretime/2001-04 30782 21034 9506 135 30569
./dataset/pretime/2001-05 31097 20953 9893 131 30884
./dataset/pretime/2001-06 31452 21188 10005 120 31248
./dataset/pretime/2001-07 31785 21273 10254 114 31585
./dataset/pretime/2001-08 32117 21027 10842 109 31922
./dataset/pretime/2001-09 32380 21031 11100 105 32190
./dataset/pretime/2001-10 32686 21233 11203 100 32500
./dataset/pretime/2001-11 33088 21423 11417 91 32916
./dataset/pretime/2001-12 33527 21751 11515 85 33359
./dataset/pretime/2002-01 33866 21724 11891 81 33702
./dataset/pretime/2002-02 34179 21561 12389 70 34025
./dataset/pretime/2002-03 34455 21598 12630 64 34307
./dataset/pretime/2002-04 34546 21608 12711 61 34401
