./dataset/pretime/1992-01 3988 123 32 2.19609
./dataset/pretime/1992-02 3988 123 32 2.19609
./dataset/pretime/1992-03 3990 123 32 2.19524
./dataset/pretime/1992-04 4013 123 32 2.18889
./dataset/pretime/1992-05 4044 123 32 2.18076
./dataset/pretime/1992-06 4086 123 32 2.17646
./dataset/pretime/1992-07 4134 123 34 2.16933
./dataset/pretime/1992-08 4201 123 34 2.16496
./dataset/pretime/1992-09 4251 123 35 2.16255
./dataset/pretime/1992-10 4328 123 35 2.16035
./dataset/pretime/1992-11 4385 123 35 2.15348
./dataset/pretime/1992-12 4486 123 35 2.13375
./dataset/pretime/1993-01 4570 123 35 2.12473
./dataset/pretime/1993-02 4656 123 36 2.10997
./dataset/pretime/1993-03 4765 123 37 2.12655
./dataset/pretime/1993-04 4869 123 39 2.1411
./dataset/pretime/1993-05 4975 123 39 2.14794
./dataset/pretime/1993-06 5114 123 39 2.16191
./dataset/pretime/1993-07 5227 123 42 2.19533
./dataset/pretime/1993-08 5361 123 42 2.20836
./dataset/pretime/1993-09 5529 123 42 2.24815
./dataset/pretime/1993-10 5653 123 44 2.27419
./dataset/pretime/1993-11 5811 123 44 2.31148
./dataset/pretime/1993-12 5973 123 45 2.36732
./dataset/pretime/1994-01 6105 123 46 2.40344
./dataset/pretime/1994-02 6254 123 47 2.43636
./dataset/pretime/1994-03 6406 123 50 2.49844
./dataset/pretime/1994-04 6601 123 50 2.55961
./dataset/pretime/1994-05 6749 123 52 2.59105
./dataset/pretime/1994-06 6982 123 53 2.66313
./dataset/pretime/1994-07 7201 123 54 2.74184
./dataset/pretime/1994-08 7394 123 55 2.80241
./dataset/pretime/1994-09 7583 123 57 2.85402
./dataset/pretime/1994-10 7810 123 57 2.91729
./dataset/pretime/1994-11 8008 123 58 2.98427
./dataset/pretime/1994-12 8240 123 58 3.06505
./dataset/pretime/1995-01 8411 123 59 3.11188
./dataset/pretime/1995-02 8629 123 60 3.18983
./dataset/pretime/1995-03 8830 123 61 3.27384
./dataset/pretime/1995-04 9100 123 63 3.40143
./dataset/pretime/1995-05 9334 123 76 3.49357
./dataset/pretime/1995-06 9581 127 76 3.59524
./dataset/pretime/1995-07 9829 132 76 3.68257
./dataset/pretime/1995-08 10104 135 76 3.79859
./dataset/pretime/1995-09 10305 140 76 3.90277
./dataset/pretime/1995-10 10515 141 76 3.96881
./dataset/pretime/1995-11 10770 146 76 4.08338
./dataset/pretime/1995-12 11036 154 99 4.19264
./dataset/pretime/1996-01 11264 158 99 4.30451
./dataset/pretime/1996-02 11463 164 167 4.41272
./dataset/pretime/1996-03 11694 167 167 4.55045
./dataset/pretime/1996-04 11937 174 167 4.66625
./dataset/pretime/1996-05 12169 175 167 4.7681
./dataset/pretime/1996-06 12424 179 167 4.85818
./dataset/pretime/1996-07 12721 184 167 4.98349
./dataset/pretime/1996-08 12994 185 167 5.08188
./dataset/pretime/1996-09 13289 190 167 5.16894
./dataset/pretime/1996-10 13595 191 167 5.3007
./dataset/pretime/1996-11 13935 196 167 5.45655
./dataset/pretime/1996-12 14204 201 167 5.55766
./dataset/pretime/1997-01 14469 204 167 5.68395
./dataset/pretime/1997-02 14701 218 167 5.7828
./dataset/pretime/1997-03 14929 224 167 5.88854
./dataset/pretime/1997-04 15187 236 167 6.01633
./dataset/pretime/1997-05 15437 238 194 6.12671
./dataset/pretime/1997-06 15707 244 194 6.23423
./dataset/pretime/1997-07 16062 254 194 6.35979
./dataset/pretime/1997-08 16406 266 194 6.51042
./dataset/pretime/1997-09 16692 271 194 6.60256
./dataset/pretime/1997-10 17002 276 194 6.70927
./dataset/pretime/1997-11 17344 285 194 6.80328
./dataset/pretime/1997-12 17679 292 194 6.93195
./dataset/pretime/1998-01 18005 296 242 7.05748
./dataset/pretime/1998-02 18250 303 242 7.15079
./dataset/pretime/1998-03 18499 306 242 7.24677
./dataset/pretime/1998-04 18793 314 242 7.36971
./dataset/pretime/1998-05 19055 319 242 7.45447
./dataset/pretime/1998-06 19374 322 242 7.53401
./dataset/pretime/1998-07 19706 327 242 7.65006
./dataset/pretime/1998-08 20058 334 242 7.7588
./dataset/pretime/1998-09 20376 339 242 7.85071
./dataset/pretime/1998-10 20758 346 242 7.93916
./dataset/pretime/1998-11 21091 357 242 8.03452
./dataset/pretime/1998-12 21407 363 242 8.14906
./dataset/pretime/1999-01 21727 367 242 8.27187
./dataset/pretime/1999-02 21991 376 242 8.36015
./dataset/pretime/1999-03 22276 380 242 8.44541
./dataset/pretime/1999-04 22614 385 242 8.57986
./dataset/pretime/1999-05 22905 389 242 8.68151
./dataset/pretime/1999-06 23287 391 242 8.82239
./dataset/pretime/1999-07 23642 398 242 8.95711
./dataset/pretime/1999-08 23998 405 242 9.06063
./dataset/pretime/1999-09 24339 406 242 9.16118
./dataset/pretime/1999-10 24698 411 242 9.28099
./dataset/pretime/1999-11 25043 419 242 9.37927
./dataset/pretime/1999-12 25393 425 242 9.51416
./dataset/pretime/2000-01 25730 430 242 9.6145
./dataset/pretime/2000-02 26068 432 242 9.70473
./dataset/pretime/2000-03 26361 435 242 9.80585
./dataset/pretime/2000-04 26679 449 322 9.93077
./dataset/pretime/2000-05 26947 462 322 10.0079
./dataset/pretime/2000-06 27275 477 322 10.1321
./dataset/pretime/2000-07 27608 496 322 10.2182
./dataset/pretime/2000-08 27974 512 322 10.3445
./dataset/pretime/2000-09 28304 531 322 10.4271
./dataset/pretime/2000-10 28645 541 322 10.4857
./dataset/pretime/2000-11 29002 555 322 10.5683
./dataset/pretime/2000-12 29392 576 322 10.6687
./dataset/pretime/2001-01 29764 602 322 10.743
./dataset/pretime/2001-02 30106 612 376 10.8498
./dataset/pretime/2001-03 30461 624 376 10.9541
./dataset/pretime/2001-04 30782 645 376 11.0579
./dataset/pretime/2001-05 31097 664 376 11.1636
./dataset/pretime/2001-06 31452 684 376 11.2685
./dataset/pretime/2001-07 31785 700 376 11.3736
./dataset/pretime/2001-08 32117 715 376 11.473
./dataset/pretime/2001-09 32380 729 376 11.5737
./dataset/pretime/2001-10 32686 746 376 11.6599
./dataset/pretime/2001-11 33088 769 376 11.7662
./dataset/pretime/2001-12 33527 789 376 11.8595
./dataset/pretime/2002-01 33866 806 376 11.96
./dataset/pretime/2002-02 34179 829 411 12.073
./dataset/pretime/2002-03 34455 841 411 12.1727
./dataset/pretime/2002-04 34546 846 411 12.2034
